740999798682181635
740997828894425091
739931122361073671
739931023136415747
739930964298768387
739930918824095748
739930870673510403
739930802423758852
739930682969980931
739930408134057987
739930274797080579
739929942545321987
739929768964050946
739929639154548739
739929475962507267
739929350716456963
739929129051652100
739928982188101635
739928858242260997
739928644588609541
739928444822294531
739928307374927876
739927940432027651
739926740907216899
739926525756215299
739926340426715139
739925843976282115
739925268639457283
739924902694801412
739923406104219651
739921465416556547
739921281366261764
739921115389255683
739920998099779588
739920817648226307
739920665160060931
739509672877690883
739509638585012227
739178007072538627
739177931214360579
739174980563374083
739165466422312963
739161973045231619
739161060335292419
739160852687953923
739160283491532803
739160113219522563
739159941617946628
739159649283346435
739159517003436035
739159455309434883
739159373298143235
739147934881742852
739147876811563011
739145034197524483
739144933240627203
739129116973277187
739115460533362692
739115415704600579
739115404027629571
739112891379556355
739111187154100227
739110677697204227
739110259424436227
739110171142676483
739110082395447300
739110028444065795
739109606249668611
739103579542310915
739102767415996419
739102105600921603
739102028434116613
739099232435642371
739099150386647044
739098978663473155
739098283881181188
739098282807468035
739098281641402372
739098280655740931
739098279175159811
739094653648130051
739094221391572995
739092524925616131
739092523893821443
739092521599569923
739092519758221315
739092518910955523
739092517833019395
739092516549595139
739092515287105541
739092514267877380
739092082606931972
739092080912412675
739092079893217283
739092078597115908
739092077309513731
739092076277665796
739092075103289347
739092074004381699
739092070997037059
739092069952724995
739092068925083653
739092067964588035
739092066861518852
739092065930387460
739092064277811203
739092062939807747
739086744864313347
739086697409970179
739085850483515395
739085835753099267
739085580395499523
739085543628275715
739084532431851523
739081974829178883
739081269301157891
739080978925297667
739080384361680899
739080074553659395
739079917682462723
739079613100490755
739078945472122883
739076967857827844
739073989432233987
739073946927173635
739073345883414531
739072797134225411
739072383009558532
738459932375257092
738459692335239171
738459620377800707
738459618335166468
738459416069079043
738459324763246595
738459197566750723
738459186741272581
738458976690524163
738458932616794116
738458836521095171
738457706642673667
738457600178716675
738457409430097923
738457086842015747
738456903357992963
738456772734820355
738456578622394371
738456168243310595
738453051405684740
738452986326835203
738446591506427907
738445040612220931
738444898127482883
738444640639197187
738444553888358403
738444139436646403
738442669068812291
738442589574168580
738442390923575300
738442151021907972
738403714856321027
738402954353475587
738402847050588163
738402744030093315
738402572961210371
738402027412332547
738401920742772740
738401900350050307
738401197183389699
738401124961685507
738401001556840451
737729974778658819
737729969040822275
737728018437820419
737727902859563011
737727019698532355
737726516235231235
737726325692223491
737726072503033859
737725895981604867
737725691379253252
737725607644123139
737725550857457668
737725531102285827
737724895128346632
737724792967733251
737724389723111427
737723856085995523
737723845969350660
737723449108508675
737723022837219331
737722942461739011
737722161138434052
737721966359117827
737721853444263943
737718627131129859
737716125128089607
737714772741894147
737714478968606723
737711665727344644
737711404262785028
737711124305567748
737710786643152899
737710550784839683
737710160924270596
737709406041874435
737709219881832451
737708386515587075
737708328462241796
737665580761812995
737664467153133572
737663698957897731
737663417155235843
737663069124493319
737610289240117252
737610287516258309
737610286203424771
736906667468726275
736903373669203971
736902340331069443
736902149465051139
736901682752311299
736901466598834179
736900694133858307
736900586986147843
736900480085991427
736900322761805831
736900222371139588
736886105002381316
736885974681145348
736885824088887299
736885403387633667
736885062881402884
736885029998104579
736884893670596611
736884663256518659
736884244098764803
736884096140447747
736883978381201412
736883975495487492
736883872428904453
736883862924582915
736883803986202627
736883656279625732
736883399152009219
736883178389000195
736883109820563460
736883071258140676
736882969529491459
736882892413018115
736882814205956099
736880123799031811
736880100889747460
736880066253213699
736880043247407107
736879518749732867
736879358539890692
736878857601585155
736878846029500419
736877403226701828
736877141695057923
736876808868659203
736876363802660867
735950012627222531
735949344231325699
735949095504912389
735948286549450755
735947971980845059
735945986619609091
735945760848613380
735945184417091588
735944690982391811
735944513097768965
735944374417297415
735941102331691013
735939624674152451
735919985609068547
735918635332558851
735918166845607939
731202181353897987
731201591525658627
731200800773578764
731200469306114051
731200186752634885
731200088647864326
731199809143644163
731198107543834629
731196856961765380
731196638287540227
731196373127839748
731196247978168323
731195598892830723
731195402100350979
731195146168086531
731194844983480323
731178738310889479
731178528247517189
731178033613246467
731178017721061381
731177999547174915
731177729652035587
730843757545951236
730843734544416772
730843707361120259
730842951274889219
730842249353961476
730841692446830595
730840214508347395
730829929970053130
730822114824101891
730822103985991684
730821853917413379
730739722130231299
730739560376832003
728606047645122564
728605545687584771
728600854937403396
728578935324344323
728578396805050371
728578168148348931
728577744913707011
723550615528476675
723179191710134275
723179073208360964
723178887560237059
723168416484470787
723168336960319491
723167490017267715
723167444882182147
723167408504991748
723166962541572099
723166609154560004
723165506136596484
723162742388084739
723160119727427587
721774839409807365
721774343542423555
718185420639625219
718185158269091844
718184953234735107
718184609540927491
718177242128519171
718177092668624900
718177078978469892
718176901123203076
718176236430848003
718175934873018371
718175472627097603
718174469236371459
718174060979625988
718173162731675652
718168779809767427
718168512909438979
718164155866484739
718162568003633157
718162005211881475
718161851536785411
718161653305618435
717992151880216580
717651928109420548
717650788236075011
717454171738415108
717453072423903235
717417332071612423
717368040321585155
717365177419743239
717364128365592579
717364022631391235
717363349898543107
717363167215689731
717333483799121923
717326687831212036
717325823636860931
717325625762123779
717325429066047491
717324987951091716
717323738602147843
717323469969571843
717321490857852931
717318163021561863
717313825440182275
717312978362765316
717312152139403267
717311367712215043
717310757516492803
717308938782433283
717308054161735683
717123678232829955
717123420874534915
717122681661992965
717120459419074563
717119029555683331
717118863058579459
717118723593801732
717116347214393347
717115856577306633
717114352764108803
717044642315968515
717044583457275907
716680829838225412
716679246123560964
716638219283116035
716633878694387716
716628124147064835
716628086654156803
716622356014374917
716620396532015107
716620236875767811
716620208870391811
716619716463353860
716615665956814852
716615622008967171
716613482062422019
716613464211456003
716613450659708933
716613027278229507
716613016435957763
716612082687471619
716612071107010563
716611763215679492
716611751312232451
716607973284519941
716607360635183107
716585209135759363
716584659644260355
715534224275714051
715533272982413316
715529541259755523
710542951575851012
710531063458693123
710441364417339395
710416017110016003
710412663856238595
710385286493167619
710384131776053251
710383985445179396
710378420442628099
710378219564867587
709736442612883459
709736310706147331
709734113939427331
709733525164056579
709721952693444613
709721943554060291
709721932074250243
709721349716090883
709487802174607363
709472364111667203
709472354833866755
709471931267833860
709471921268633606
709471774962941955
709471545312161795
709470050843930627
709469987371491337
709469596944896003
709469518620446723
709469298054471684
709467482864508931
709467390988279811
709467145068003332
709467069469724675
709466842532696071
709466557265551363
709466464906915843
709465742975049731
709464591013515272
709464548282134531
709454377870733315
709454266382098435
709453900491829251
709453871626620935
709453667967995907
709453613257523204
709453041221685252
709453000188690435
709451796532465667
709451422681604097
709451193005658115
709450559745617923
709448638091501579
709448488585728006
709447304034385924
709447128783917061
709445680021020676
709445310590881795
709439344357056515
709018032740442115
709017362855493635
709017016234020868
709014642518073352
0
